	Male	Female	Caucasian	Not Caucasian	target_class	Vector_array
1a000.pgm	1	0	1	0	0	0
1a001.pgm	1	0	1	0	0	0
1a002.pgm	1	0	1	0	0	0
1a003.pgm	1	0	1	0	0	0
1a004.pgm	1	0	1	0	0	0
1a005.pgm	1	0	1	0	0	0
1a006.pgm	1	0	1	0	0	0
1a007.pgm	1	0	1	0	0	0
1a008.pgm	1	0	1	0	0	0
1a009.pgm	1	0	1	0	0	0
1a010.pgm	1	0	1	0	0	0
1a011.pgm	1	0	1	0	0	0
1a012.pgm	1	0	1	0	0	0
1a013.pgm	1	0	1	0	0	0
1a014.pgm	1	0	1	0	0	0
1a015.pgm	1	0	1	0	0	0
1a016.pgm	1	0	1	0	0	0
1a017.pgm	1	0	1	0	0	0
1a018.pgm	1	0	1	0	0	0
1a019.pgm	1	0	1	0	0	0
1a020.pgm	1	0	1	0	0	0
1a021.pgm	1	0	1	0	0	0
1a022.pgm	1	0	1	0	0	0
1a023.pgm	1	0	1	0	0	0
1a024.pgm	1	0	1	0	0	0
1a025.pgm	1	0	1	0	0	0
1a026.pgm	1	0	1	0	0	0
1a027.pgm	1	0	1	0	0	0
1a028.pgm	1	0	1	0	0	0
1a029.pgm	1	0	1	0	0	0
1a030.pgm	1	0	1	0	0	0
1a031.pgm	1	0	1	0	0	0
1a032.pgm	1	0	1	0	0	0
1a033.pgm	1	0	1	0	0	0
1a034.pgm	1	0	1	0	0	0
1a035.pgm	1	0	1	0	0	0
1a041.pgm	1	0	1	0	0	0
1a043.pgm	1	0	1	0	0	0
1b000.pgm	1	0	1	0	0	0
1b003.pgm	1	0	1	0	0	0
1b008.pgm	1	0	1	0	0	0
1b011.pgm	1	0	1	0	0	0
1b014.pgm	1	0	1	0	0	0
1b015.pgm	1	0	1	0	0	0
1b016.pgm	1	0	1	0	0	0
1b018.pgm	1	0	1	0	0	0
1b024.pgm	1	0	1	0	0	0
1b028.pgm	1	0	1	0	0	0
1b032.pgm	1	0	1	0	0	0
1b035.pgm	1	0	1	0	0	0
1b038.pgm	1	0	1	0	0	0
1b039.pgm	1	0	1	0	0	0
1b040.pgm	1	0	1	0	0	0
1b044.pgm	1	0	1	0	0	0
1b048.pgm	1	0	1	0	0	0
1b051.pgm	1	0	1	0	0	0
1b054.pgm	1	0	1	0	0	0
1b056.pgm	1	0	1	0	0	0
1b060.pgm	1	0	1	0	0	0
1b064.pgm	1	0	1	0	0	0
1b068.pgm	1	0	1	0	0	0
1b072.pgm	1	0	1	0	0	0
1b076.pgm	1	0	1	0	0	0
final00.pgm	1	0	1	0	0	0
final01.pgm	1	0	1	0	0	0
final02.pgm	1	0	1	0	0	0
final03.pgm	1	0	1	0	0	0
final04.pgm	1	0	1	0	0	0
final05.pgm	1	0	1	0	0	0
final06.pgm	1	0	1	0	0	0
final07.pgm	1	0	1	0	0	0
final08.pgm	1	0	1	0	0	0
final09.pgm	1	0	1	0	0	0
1c000.pgm	1	0	1	0	0	0
1c004.pgm	1	0	1	0	0	0
1c007.pgm	1	0	1	0	0	0
1c010.pgm	1	0	1	0	0	0
1c013.pgm	1	0	1	0	0	0
1c016.pgm	1	0	1	0	0	0
1c018.pgm	1	0	1	0	0	0
1c022.pgm	1	0	1	0	0	0
1c025.pgm	1	0	1	0	0	0
1c028.pgm	1	0	1	0	0	0
1c032.pgm	1	0	1	0	0	0
1c035.pgm	1	0	1	0	0	0
1c037.pgm	1	0	1	0	0	0
1c040.pgm	1	0	1	0	0	0
1c043.pgm	1	0	1	0	0	0
1c046.pgm	1	0	1	0	0	0
1c049.pgm	1	0	1	0	0	0
1c052.pgm	1	0	1	0	0	0
1c054.pgm	1	0	1	0	0	0
1c058.pgm	1	0	1	0	0	0
1c060.pgm	1	0	1	0	0	0
1c062.pgm	1	0	1	0	0	0
1c063.pgm	1	0	1	0	0	0
1c065.pgm	1	0	1	0	0	0
1c066.pgm	1	0	1	0	0	0
1c069.pgm	1	0	1	0	0	0
1d000.pgm	1	0	0	1	0	1
1d004.pgm	1	0	0	1	0	1
1d008.pgm	1	0	0	1	0	1
1d010.pgm	1	0	0	1	0	1
1d012.pgm	1	0	0	1	0	1
1d013.pgm	1	0	0	1	0	1
1d014.pgm	1	0	0	1	0	1
1d015.pgm	1	0	0	1	0	1
1d016.pgm	1	0	0	1	0	1
1d017.pgm	1	0	0	1	0	1
1d018.pgm	1	0	0	1	0	1
1d019.pgm	1	0	0	1	0	1
1d020.pgm	1	0	0	1	0	1
1d022.pgm	1	0	0	1	0	1
1d023.pgm	1	0	0	1	0	1
1d024.pgm	1	0	0	1	0	1
1d027.pgm	1	0	0	1	0	1
1d029.pgm	1	0	0	1	0	1
1d031.pgm	1	0	0	1	0	1
1d032.pgm	1	0	0	1	0	1
1d033.pgm	1	0	0	1	0	1
1d035.pgm	1	0	0	1	0	1
1d037.pgm	1	0	0	1	0	1
1d039.pgm	1	0	0	1	0	1
1e000.pgm	1	0	1	0	0	0
1e001.pgm	1	0	1	0	0	0
1e002.pgm	1	0	1	0	0	0
1e003.pgm	1	0	1	0	0	0
1e004.pgm	1	0	1	0	0	0
1e005.pgm	1	0	1	0	0	0
1e006.pgm	1	0	1	0	0	0
1e007.pgm	1	0	1	0	0	0
1e008.pgm	1	0	1	0	0	0
1e009.pgm	1	0	1	0	0	0
1e010.pgm	1	0	1	0	0	0
1e011.pgm	1	0	1	0	0	0
1e012.pgm	1	0	1	0	0	0
1e013.pgm	1	0	1	0	0	0
1e014.pgm	1	0	1	0	0	0
1e015.pgm	1	0	1	0	0	0
1e016.pgm	1	0	1	0	0	0
1e017.pgm	1	0	1	0	0	0
1e018.pgm	1	0	1	0	0	0
1e019.pgm	1	0	1	0	0	0
1e020.pgm	1	0	1	0	0	0
1e021.pgm	1	0	1	0	0	0
1e022.pgm	1	0	1	0	0	0
1e023.pgm	1	0	1	0	0	0
1e024.pgm	1	0	1	0	0	0
1e025.pgm	1	0	1	0	0	0
1f000.pgm	1	0	1	0	0	0
1f005.pgm	1	0	1	0	0	0
1f009.pgm	1	0	1	0	0	0
1f012.pgm	1	0	1	0	0	0
1f015.pgm	1	0	1	0	0	0
1f018.pgm	1	0	1	0	0	0
1f021.pgm	1	0	1	0	0	0
1f024.pgm	1	0	1	0	0	0
1f027.pgm	1	0	1	0	0	0
1f030.pgm	1	0	1	0	0	0
1f033.pgm	1	0	1	0	0	0
1f037.pgm	1	0	1	0	0	0
1f040.pgm	1	0	1	0	0	0
1f044.pgm	1	0	1	0	0	0
1f049.pgm	1	0	1	0	0	0
1f051.pgm	1	0	1	0	0	0
1f054.pgm	1	0	1	0	0	0
1f056.pgm	1	0	1	0	0	0
1f059.pgm	1	0	1	0	0	0
1f062.pgm	1	0	1	0	0	0
1f065.pgm	1	0	1	0	0	0
1f068.pgm	1	0	1	0	0	0
1f073.pgm	1	0	1	0	0	0
1g004.pgm	0	1	1	0	0	2
1g006.pgm	0	1	1	0	0	2
1g008.pgm	0	1	1	0	0	2
1g009.pgm	0	1	1	0	0	2
1g010.pgm	0	1	1	0	0	2
1g011.pgm	0	1	1	0	0	2
1g012.pgm	0	1	1	0	0	2
1g014.pgm	0	1	1	0	0	2
1g021.pgm	0	1	1	0	0	2
1g022.pgm	0	1	1	0	0	2
1g023.pgm	0	1	1	0	0	2
1g024.pgm	0	1	1	0	0	2
1g025.pgm	0	1	1	0	0	2
1g026.pgm	0	1	1	0	0	2
1g027.pgm	0	1	1	0	0	2
1g029.pgm	0	1	1	0	0	2
1g031.pgm	0	1	1	0	0	2
1g036.pgm	0	1	1	0	0	2
1g040.pgm	0	1	1	0	0	2
1h002.pgm	0	1	1	0	0	2
1h003.pgm	0	1	1	0	0	2
1h004.pgm	0	1	1	0	0	2
1h005.pgm	0	1	1	0	0	2
1h006.pgm	0	1	1	0	0	2
1h007.pgm	0	1	1	0	0	2
1h008.pgm	0	1	1	0	0	2
1h009.pgm	0	1	1	0	0	2
1h010.pgm	0	1	1	0	0	2
1h012.pgm	0	1	1	0	0	2
1h014.pgm	0	1	1	0	0	2
1h016.pgm	0	1	1	0	0	2
1h018.pgm	0	1	1	0	0	2
1h020.pgm	0	1	1	0	0	2
1h022.pgm	0	1	1	0	0	2
1h024.pgm	0	1	1	0	0	2
1h026.pgm	0	1	1	0	0	2
1h028.pgm	0	1	1	0	0	2
1h030.pgm	0	1	1	0	0	2
1h031.pgm	0	1	1	0	0	2
1h032.pgm	0	1	1	0	0	2
1h035.pgm	0	1	1	0	0	2
1i000.pgm	0	1	1	0	0	2
1i002.pgm	0	1	1	0	0	2
1i003.pgm	0	1	1	0	0	2
1i005.pgm	0	1	1	0	0	2
1i006.pgm	0	1	1	0	0	2
1i007.pgm	0	1	1	0	0	2
1i008.pgm	0	1	1	0	0	2
1i009.pgm	0	1	1	0	0	2
1i010.pgm	0	1	1	0	0	2
1i011.pgm	0	1	1	0	0	2
1i012.pgm	0	1	1	0	0	2
1i013.pgm	0	1	1	0	0	2
1i014.pgm	0	1	1	0	0	2
1i020.pgm	0	1	1	0	0	2
1i021.pgm	0	1	1	0	0	2
1i022.pgm	0	1	1	0	0	2
1i027.pgm	0	1	1	0	0	2
1i028.pgm	0	1	1	0	0	2
1i029.pgm	0	1	1	0	0	2
1i030.pgm	0	1	1	0	0	2
1j000.pgm	1	0	0	1	0	1
1j001.pgm	1	0	0	1	0	1
1j005.pgm	1	0	0	1	0	1
1j006.pgm	1	0	0	1	0	1
1j007.pgm	1	0	0	1	0	1
1j010.pgm	1	0	0	1	0	1
1j018.pgm	1	0	0	1	0	1
1j021.pgm	1	0	0	1	0	1
1j024.pgm	1	0	0	1	0	1
1j028.pgm	1	0	0	1	0	1
1j029.pgm	1	0	0	1	0	1
1j030.pgm	1	0	0	1	0	1
1j034.pgm	1	0	0	1	0	1
1j035.pgm	1	0	0	1	0	1
1j038.pgm	1	0	0	1	0	1
1j039.pgm	1	0	0	1	0	1
1j040.pgm	1	0	0	1	0	1
1j041.pgm	1	0	0	1	0	1
1j042.pgm	1	0	0	1	0	1
1j044.pgm	1	0	0	1	0	1
1j045.pgm	1	0	0	1	0	1
1j047.pgm	1	0	0	1	0	1
1j048.pgm	1	0	0	1	0	1
1j049.pgm	1	0	0	1	0	1
1j050.pgm	1	0	0	1	0	1
1j051.pgm	1	0	0	1	0	1
1j052.pgm	1	0	0	1	0	1
1j053.pgm	1	0	0	1	0	1
1j054.pgm	1	0	0	1	0	1
1j055.pgm	1	0	0	1	0	1
1j056.pgm	1	0	0	1	0	1
1j061.pgm	1	0	0	1	0	1
1k001.pgm	1	0	0	1	0	1
1k002.pgm	1	0	0	1	0	1
1k003.pgm	1	0	0	1	0	1
1k004.pgm	1	0	0	1	0	1
1k011.pgm	1	0	0	1	0	1
1k014.pgm	1	0	0	1	0	1
1k016.pgm	1	0	0	1	0	1
1k019.pgm	1	0	0	1	0	1
1k020.pgm	1	0	0	1	0	1
1k022.pgm	1	0	0	1	0	1
1k024.pgm	1	0	0	1	0	1
1k025.pgm	1	0	0	1	0	1
1k026.pgm	1	0	0	1	0	1
1k028.pgm	1	0	0	1	0	1
1k030.pgm	1	0	0	1	0	1
1k033.pgm	1	0	0	1	0	1
1k035.pgm	1	0	0	1	0	1
1k037.pgm	1	0	0	1	0	1
1k040.pgm	1	0	0	1	0	1
1k041.pgm	1	0	0	1	0	1
1k043.pgm	1	0	0	1	0	1
1k044.pgm	1	0	0	1	0	1
1k045.pgm	1	0	0	1	0	1
1k047.pgm	1	0	0	1	0	1
1k048.pgm	1	0	0	1	0	1
1k049.pgm	1	0	0	1	0	1
1k050.pgm	1	0	0	1	0	1
1k051.pgm	1	0	0	1	0	1
1k052.pgm	1	0	0	1	0	1
1k053.pgm	1	0	0	1	0	1
1k054.pgm	1	0	0	1	0	1
1k055.pgm	1	0	0	1	0	1
1k056.pgm	1	0	0	1	0	1
1k059.pgm	1	0	0	1	0	1
1l000.pgm	1	0	0	1	0	1
1l002.pgm	1	0	0	1	0	1
1l003.pgm	1	0	0	1	0	1
1l004.pgm	1	0	0	1	0	1
1l006.pgm	1	0	0	1	0	1
1l008.pgm	1	0	0	1	0	1
1l009.pgm	1	0	0	1	0	1
1l011.pgm	1	0	0	1	0	1
1l018.pgm	1	0	0	1	0	1
1l019.pgm	1	0	0	1	0	1
1l020.pgm	1	0	0	1	0	1
1l021.pgm	1	0	0	1	0	1
1l026.pgm	1	0	0	1	0	1
1l028.pgm	1	0	0	1	0	1
1l030.pgm	1	0	0	1	0	1
1l031.pgm	1	0	0	1	0	1
1l033.pgm	1	0	0	1	0	1
1l034.pgm	1	0	0	1	0	1
1l037.pgm	1	0	0	1	0	1
1l038.pgm	1	0	0	1	0	1
1l039.pgm	1	0	0	1	0	1
1l040.pgm	1	0	0	1	0	1
1l042.pgm	1	0	0	1	0	1
1l043.pgm	1	0	0	1	0	1
1l044.pgm	1	0	0	1	0	1
1l045.pgm	1	0	0	1	0	1
1l046.pgm	1	0	0	1	0	1
1l047.pgm	1	0	0	1	0	1
1l049.pgm	1	0	0	1	0	1
1l050.pgm	1	0	0	1	0	1
1l051.pgm	1	0	0	1	0	1
1l053.pgm	1	0	0	1	0	1
1l057.pgm	1	0	0	1	0	1
1l061.pgm	1	0	0	1	0	1
1m000.pgm	1	0	1	0	0	0
1m003.pgm	1	0	1	0	0	0
1m007.pgm	1	0	1	0	0	0
1m009.pgm	1	0	1	0	0	0
1m010.pgm	1	0	1	0	0	0
1m011.pgm	1	0	1	0	0	0
1m013.pgm	1	0	1	0	0	0
1m016.pgm	1	0	1	0	0	0
1m017.pgm	1	0	1	0	0	0
1m018.pgm	1	0	1	0	0	0
1m019.pgm	1	0	1	0	0	0
1m020.pgm	1	0	1	0	0	0
1m022.pgm	1	0	1	0	0	0
1m024.pgm	1	0	1	0	0	0
1m026.pgm	1	0	1	0	0	0
1m028.pgm	1	0	1	0	0	0
1m030.pgm	1	0	1	0	0	0
1m034.pgm	1	0	1	0	0	0
1m036.pgm	1	0	1	0	0	0
1m038.pgm	1	0	1	0	0	0
1m040.pgm	1	0	1	0	0	0
1m042.pgm	1	0	1	0	0	0
1m044.pgm	1	0	1	0	0	0
1m046.pgm	1	0	1	0	0	0
1m048.pgm	1	0	1	0	0	0
1m050.pgm	1	0	1	0	0	0
1n000.pgm	1	0	1	0	0	0
1n002.pgm	1	0	1	0	0	0
1n003.pgm	1	0	1	0	0	0
1n004.pgm	1	0	1	0	0	0
1n005.pgm	1	0	1	0	0	0
1n006.pgm	1	0	1	0	0	0
1n007.pgm	1	0	1	0	0	0
1n008.pgm	1	0	1	0	0	0
1n009.pgm	1	0	1	0	0	0
1n010.pgm	1	0	1	0	0	0
1n011.pgm	1	0	1	0	0	0
1n012.pgm	1	0	1	0	0	0
1n013.pgm	1	0	1	0	0	0
1n014.pgm	1	0	1	0	0	0
1n015.pgm	1	0	1	0	0	0
1n016.pgm	1	0	1	0	0	0
1n022.pgm	1	0	1	0	0	0
1n023.pgm	1	0	1	0	0	0
1n024.pgm	1	0	1	0	0	0
1n025.pgm	1	0	1	0	0	0
1n026.pgm	1	0	1	0	0	0
1n027.pgm	1	0	1	0	0	0
1n028.pgm	1	0	1	0	0	0
1n029.pgm	1	0	1	0	0	0
1n030.pgm	1	0	1	0	0	0
1n031.pgm	1	0	1	0	0	0
1n032.pgm	1	0	1	0	0	0
1n033.pgm	1	0	1	0	0	0
1n034.pgm	1	0	1	0	0	0
1n035.pgm	1	0	1	0	0	0
1o000.pgm	1	0	1	0	0	0
1o001.pgm	1	0	1	0	0	0
1o004.pgm	1	0	1	0	0	0
1o005.pgm	1	0	1	0	0	0
1o006.pgm	1	0	1	0	0	0
1o007.pgm	1	0	1	0	0	0
1o008.pgm	1	0	1	0	0	0
1o009.pgm	1	0	1	0	0	0
1o010.pgm	1	0	1	0	0	0
1o011.pgm	1	0	1	0	0	0
1o012.pgm	1	0	1	0	0	0
1o013.pgm	1	0	1	0	0	0
1o014.pgm	1	0	1	0	0	0
1o015.pgm	1	0	1	0	0	0
1o019.pgm	1	0	1	0	0	0
1o020.pgm	1	0	1	0	0	0
1o021.pgm	1	0	1	0	0	0
1o022.pgm	1	0	1	0	0	0
1o023.pgm	1	0	1	0	0	0
1p000.pgm	1	0	1	0	0	0
1p001.pgm	1	0	1	0	0	0
1p002.pgm	1	0	1	0	0	0
1p003.pgm	1	0	1	0	0	0
1p004.pgm	1	0	1	0	0	0
1p005.pgm	1	0	1	0	0	0
1p006.pgm	1	0	1	0	0	0
1p007.pgm	1	0	1	0	0	0
1p008.pgm	1	0	1	0	0	0
1p009.pgm	1	0	1	0	0	0
1p010.pgm	1	0	1	0	0	0
1p011.pgm	1	0	1	0	0	0
1p012.pgm	1	0	1	0	0	0
1p013.pgm	1	0	1	0	0	0
1p014.pgm	1	0	1	0	0	0
1p015.pgm	1	0	1	0	0	0
1p016.pgm	1	0	1	0	0	0
1p017.pgm	1	0	1	0	0	0
1p018.pgm	1	0	1	0	0	0
1p019.pgm	1	0	1	0	0	0
1p020.pgm	1	0	1	0	0	0
1p021.pgm	1	0	1	0	0	0
1p022.pgm	1	0	1	0	0	0
1p023.pgm	1	0	1	0	0	0
1p024.pgm	1	0	1	0	0	0
1p025.pgm	1	0	1	0	0	0
1q001.pgm	1	0	1	0	0	0
1q003.pgm	1	0	1	0	0	0
1q005.pgm	1	0	1	0	0	0
1q006.pgm	1	0	1	0	0	0
1q007.pgm	1	0	1	0	0	0
1q008.pgm	1	0	1	0	0	0
1q009.pgm	1	0	1	0	0	0
1q010.pgm	1	0	1	0	0	0
1q011.pgm	1	0	1	0	0	0
1q012.pgm	1	0	1	0	0	0
1q013.pgm	1	0	1	0	0	0
1q014.pgm	1	0	1	0	0	0
1q015.pgm	1	0	1	0	0	0
1q016.pgm	1	0	1	0	0	0
1q017.pgm	1	0	1	0	0	0
1q018.pgm	1	0	1	0	0	0
1q019.pgm	1	0	1	0	0	0
1q020.pgm	1	0	1	0	0	0
1q021.pgm	1	0	1	0	0	0
1q022.pgm	1	0	1	0	0	0
1q023.pgm	1	0	1	0	0	0
1q024.pgm	1	0	1	0	0	0
1q025.pgm	1	0	1	0	0	0
1q027.pgm	1	0	1	0	0	0
1q030.pgm	1	0	1	0	0	0
1q031.pgm	1	0	1	0	0	0
1r006.pgm	1	0	1	0	0	0
1r007.pgm	1	0	1	0	0	0
1r008.pgm	1	0	1	0	0	0
1r009.pgm	1	0	1	0	0	0
1r010.pgm	1	0	1	0	0	0
1r011.pgm	1	0	1	0	0	0
1r012.pgm	1	0	1	0	0	0
1r013.pgm	1	0	1	0	0	0
1r014.pgm	1	0	1	0	0	0
1r015.pgm	1	0	1	0	0	0
1r016.pgm	1	0	1	0	0	0
1r017.pgm	1	0	1	0	0	0
1r018.pgm	1	0	1	0	0	0
1r019.pgm	1	0	1	0	0	0
1r020.pgm	1	0	1	0	0	0
1r021.pgm	1	0	1	0	0	0
1r022.pgm	1	0	1	0	0	0
1r023.pgm	1	0	1	0	0	0
1r024.pgm	1	0	1	0	0	0
1r025.pgm	1	0	1	0	0	0
1r026.pgm	1	0	1	0	0	0
1r027.pgm	1	0	1	0	0	0
1r028.pgm	1	0	1	0	0	0
1r029.pgm	1	0	1	0	0	0
1r030.pgm	1	0	1	0	0	0
1r031.pgm	1	0	1	0	0	0
1r032.pgm	1	0	1	0	0	0
1r033.pgm	1	0	1	0	0	0
1r034.pgm	1	0	1	0	0	0
1r035.pgm	1	0	1	0	0	0
1r036.pgm	1	0	1	0	0	0
1r037.pgm	1	0	1	0	0	0
1r038.pgm	1	0	1	0	0	0
1s000.pgm	1	0	1	0	0	0
1s001.pgm	1	0	1	0	0	0
1s003.pgm	1	0	1	0	0	0
1s004.pgm	1	0	1	0	0	0
1s005.pgm	1	0	1	0	0	0
1s006.pgm	1	0	1	0	0	0
1s007.pgm	1	0	1	0	0	0
1s008.pgm	1	0	1	0	0	0
1s009.pgm	1	0	1	0	0	0
1s010.pgm	1	0	1	0	0	0
1s011.pgm	1	0	1	0	0	0
1s012.pgm	1	0	1	0	0	0
1s013.pgm	1	0	1	0	0	0
1s014.pgm	1	0	1	0	0	0
1s015.pgm	1	0	1	0	0	0
1s016.pgm	1	0	1	0	0	0
1s017.pgm	1	0	1	0	0	0
1s018.pgm	1	0	1	0	0	0
1s019.pgm	1	0	1	0	0	0
1s020.pgm	1	0	1	0	0	0
1s021.pgm	1	0	1	0	0	0
1s022.pgm	1	0	1	0	0	0
1s023.pgm	1	0	1	0	0	0
1s024.pgm	1	0	1	0	0	0
1s025.pgm	1	0	1	0	0	0
1s026.pgm	1	0	1	0	0	0
1s027.pgm	1	0	1	0	0	0
1s028.pgm	1	0	1	0	0	0
1s029.pgm	1	0	1	0	0	0
1s030.pgm	1	0	1	0	0	0
1s031.pgm	1	0	1	0	0	0
1s032.pgm	1	0	1	0	0	0
1s033.pgm	1	0	1	0	0	0
1s034.pgm	1	0	1	0	0	0
1s035.pgm	1	0	1	0	0	0
1s036.pgm	1	0	1	0	0	0
1s037.pgm	1	0	1	0	0	0
1s038.pgm	1	0	1	0	0	0
1s039.pgm	1	0	1	0	0	0
1s040.pgm	1	0	1	0	0	0
1s041.pgm	1	0	1	0	0	0
1s042.pgm	1	0	1	0	0	0
1s043.pgm	1	0	1	0	0	0
1s044.pgm	1	0	1	0	0	0
1s045.pgm	1	0	1	0	0	0
1s046.pgm	1	0	1	0	0	0
1s047.pgm	1	0	1	0	0	0
1s048.pgm	1	0	1	0	0	0
1t000.pgm	0	1	1	0	0	2
1t001.pgm	0	1	1	0	0	2
1t002.pgm	0	1	1	0	0	2
1t003.pgm	0	1	1	0	0	2
1t004.pgm	0	1	1	0	0	2
1t005.pgm	0	1	1	0	0	2
1t006.pgm	0	1	1	0	0	2
1t007.pgm	0	1	1	0	0	2
1t008.pgm	0	1	1	0	0	2
1t009.pgm	0	1	1	0	0	2
1t010.pgm	0	1	1	0	0	2
1t011.pgm	0	1	1	0	0	2
1t012.pgm	0	1	1	0	0	2
1t013.pgm	0	1	1	0	0	2
1t014.pgm	0	1	1	0	0	2
1t015.pgm	0	1	1	0	0	2
1t016.pgm	0	1	1	0	0	2
1t017.pgm	0	1	1	0	0	2
1t018.pgm	0	1	1	0	0	2
1t019.pgm	0	1	1	0	0	2
1t020.pgm	0	1	1	0	0	2
1t021.pgm	0	1	1	0	0	2
1t022.pgm	0	1	1	0	0	2
1t023.pgm	0	1	1	0	0	2
1t034.pgm	0	1	1	0	0	2
1t035.pgm	0	1	1	0	0	2
1t036.pgm	0	1	1	0	0	2
1t044.pgm	0	1	1	0	0	2
1t045.pgm	0	1	1	0	0	2
1t046.pgm	0	1	1	0	0	2
1t047.pgm	0	1	1	0	0	2
1t048.pgm	0	1	1	0	0	2
1t049.pgm	0	1	1	0	0	2
1t100.pgm	0	1	1	0	0	2
